0.993567 0.963898
0.469347 0.292239
0.132864 0.447355
0.406146 0.993128
0.950616 0.517086
0.102773 0.358917
0.233547 0.784742
0.672209 0.039305
0.359667 0.061925
0.013271 0.710887
0.398388 0.371562
0.804176 0.108057
0.145979 0.604603
0.288986 0.094514
0.372246 0.120656
0.664596 0.156501
0.000651 0.951536
0.212802 0.574901
0.421602 0.908276
0.190206 0.190512
0.647446 0.815042
0.888072 0.115329
0.557719 0.297459
0.204949 0.962361
0.054518 0.038216
0.536779 0.167510
0.550390 0.179445
0.782369 0.759243
0.844910 0.599168
0.786522 0.495294
0.111182 0.118273
0.598794 0.630327
0.409766 0.304769
0.512742 0.704492
0.875083 0.433720
0.968707 0.650018
0.478141 0.334076
0.052589 0.201476
0.059451 0.307742
0.503713 0.065056
0.147316 0.041573
0.856841 0.553199
0.929179 0.449566
0.586505 0.423125
0.627542 0.680406
0.896277 0.471306
0.446982 0.104593
0.101249 0.030627
0.205093 0.955745
0.388910 0.892984
0.737707 0.442272
0.111770 0.337273
0.177558 0.568455
0.664492 0.881210
0.245573 0.608095
0.428971 0.095150
0.765264 0.159206
0.232690 0.317046
0.713256 0.974871
0.258872 0.389915
0.252740 0.313198
0.371343 0.606654
0.361713 0.378438
0.372689 0.891784
0.864131 0.535653
0.801210 0.875666
0.899659 0.372966
0.490343 0.923960
0.126467 0.358216
0.263604 0.373585
0.241599 0.791008
0.818829 0.196160
0.724684 0.986445
0.067330 0.060860
0.063330 0.143461
0.936824 0.300903
0.102326 0.148527
0.921329 0.601291
0.573802 0.644576
0.466964 0.320208
0.311803 0.055384
0.619431 0.232435
0.132262 0.897201
0.227179 0.140359
0.868144 0.632327
0.393626 0.236651
0.589585 0.523383
0.802502 0.322397
0.610123 0.432409
0.002266 0.985451
0.482677 0.275511
0.728756 0.625997
0.822683 0.891636
0.869586 0.779808
0.460891 0.413141
0.729525 0.534373
0.124554 0.836196
0.842971 0.959087
0.573331 0.380655
0.697811 0.377889
0.874980 0.401851
0.384366 0.001237
0.295972 0.070936
0.363793 0.904009
0.103452 0.775664
0.262226 0.586920
0.427485 0.210182
0.840084 0.391260
0.216357 0.420201
0.060434 0.850222
0.232688 0.649039
0.485898 0.654857
0.984454 0.690382
0.070572 0.288603
0.462519 0.595199
0.781532 0.541644
0.565076 0.003115
0.383963 0.054744
0.129447 0.072621
0.154572 0.762012
0.562966 0.969891
0.249890 0.602952
0.167212 0.142533
0.949220 0.156450
0.383657 0.152488
0.016389 0.912767
0.353818 0.671373
0.980161 0.744378
0.383302 0.351927
0.220035 0.762441
0.126673 0.680811
0.362366 0.152931
0.568850 0.590865
0.641118 0.774935
0.168787 0.565037
0.558245 0.273338
0.852489 0.199549
0.390619 0.209099
0.894932 0.710438
0.833547 0.242560
0.114259 0.665518
0.345392 0.718679
0.216675 0.302844
0.563422 0.097838
0.576723 0.157178
0.497958 0.551821
0.215183 0.357489
0.080050 0.701813
0.245633 0.881438
0.037315 0.913721
0.600714 0.256848
0.003239 0.785869
0.420476 0.685538
0.227175 0.465074
0.087689 0.331499
0.245397 0.209357
0.528803 0.563233
0.398029 0.178991
0.064273 0.269178
0.132293 0.782359
0.788272 0.975505
0.619453 0.029020
0.185337 0.387167
0.331007 0.249645
0.450278 0.145925
0.869052 0.230950
0.767746 0.053190
0.526473 0.283475
0.629108 0.740863
0.764454 0.011037
0.116850 0.789959
0.038028 0.582918
0.970500 0.594662
0.174765 0.123317
0.163096 0.848530
0.817370 0.427323
0.663536 0.389965
0.277881 0.588655
0.037666 0.285626
0.519322 0.281614
0.549754 0.453331
0.880065 0.378200
0.466050 0.830093
0.586836 0.301059
0.333402 0.076301
0.064210 0.013886
0.108454 0.073619
0.541601 0.833175
0.146731 0.022079
0.483166 0.308643
0.225955 0.770903
0.921705 0.264410
0.974236 0.127969
0.864570 0.718976
0.301305 0.284414
0.557725 0.809277
0.689752 0.163741
0.543558 0.032565
0.493291 0.458888
0.128665 0.089590
0.710308 0.356061
0.089781 0.363545
0.053564 0.460747
0.189154 0.601448
0.520647 0.239172
0.345126 0.678117
0.084834 0.367564
0.109289 0.417637
0.572326 0.741944
0.438548 0.323153
0.269335 0.542751
0.618558 0.723103
0.311286 0.671486
0.594422 0.280443
0.446484 0.080626
0.895221 0.031144
0.337809 0.003453
0.800816 0.119253
0.168621 0.856999
0.392580 0.177986
0.952773 0.639205
0.654095 0.869838
0.613742 0.970450
0.843521 0.443400
0.594097 0.539994
0.946269 0.290566